	-2.6500000000000004	-2.7	-2.6	7.908	+0.092	-0.092	+0.557	-0.557	16.357	+0.128	-0.128	+0.751	-0.751	22.483	+0.192	-0.192	+0.894	-0.894	27.382	+0.225	-0.225	+0.974	-0.974	34.017	+0.272	-0.272	+1.21	-1.21	41.613	+0.352	-0.352	+1.434	-1.434	50.659	+0.485	-0.485	+1.726	-1.726	67.419	+0.524	-0.524	+2.749	-2.749
	-2.55	-2.6	-2.5	7.815	+0.082	-0.082	+0.547	-0.547	16.275	+0.114	-0.114	+0.75	-0.75	22.227	+0.17	-0.17	+0.893	-0.893	27.193	+0.201	-0.201	+0.983	-0.983	33.662	+0.241	-0.241	+1.216	-1.216	41.388	+0.317	-0.317	+1.451	-1.451	50.522	+0.443	-0.443	+1.752	-1.752	67.2	+0.495	-0.495	+2.775	-2.775
	-2.45	-2.5	-2.4	8.035	+0.083	-0.083	+0.545	-0.545	16.709	+0.116	-0.116	+0.728	-0.728	22.78	+0.172	-0.172	+0.851	-0.851	27.797	+0.203	-0.203	+0.921	-0.921	34.345	+0.244	-0.244	+1.137	-1.137	42.104	+0.319	-0.319	+1.346	-1.346	51.237	+0.446	-0.446	+1.618	-1.618	67.497	+0.495	-0.495	+2.524	-2.524
	-2.3499999999999996	-2.4	-2.3	8.135	+0.088	-0.088	+0.542	-0.542	16.888	+0.122	-0.122	+0.72	-0.72	22.974	+0.18	-0.18	+0.838	-0.838	27.975	+0.212	-0.212	+0.901	-0.901	34.467	+0.255	-0.255	+1.11	-1.11	42.089	+0.332	-0.332	+1.307	-1.307	51.247	+0.468	-0.468	+1.571	-1.571	67.3	+0.517	-0.517	+2.432	-2.432
	-2.25	-2.3	-2.2	8.206	+0.088	-0.088	+0.541	-0.541	16.985	+0.123	-0.123	+0.717	-0.717	23.131	+0.182	-0.182	+0.836	-0.836	28.062	+0.213	-0.213	+0.896	-0.896	34.719	+0.257	-0.257	+1.109	-1.109	42.206	+0.333	-0.333	+1.3	-1.3	51.567	+0.468	-0.468	+1.568	-1.568	67.923	+0.523	-0.523	+2.422	-2.422
	-2.1500000000000004	-2.2	-2.1	8.239	+0.091	-0.091	+0.54	-0.54	17.067	+0.127	-0.127	+0.723	-0.723	23.261	+0.189	-0.189	+0.848	-0.848	28.25	+0.222	-0.222	+0.916	-0.916	34.823	+0.267	-0.267	+1.129	-1.129	42.516	+0.349	-0.349	+1.332	-1.332	51.485	+0.486	-0.486	+1.594	-1.594	67.859	+0.54	-0.54	+2.451	-2.451
	-2.05	-2.1	-2.0	8.286	+0.092	-0.092	+0.534	-0.534	17.205	+0.128	-0.128	+0.712	-0.712	23.249	+0.189	-0.189	+0.826	-0.826	28.198	+0.222	-0.222	+0.887	-0.887	34.975	+0.269	-0.269	+1.1	-1.1	42.509	+0.349	-0.349	+1.29	-1.29	51.509	+0.489	-0.489	+1.544	-1.544	67.553	+0.542	-0.542	+2.351	-2.351
	-1.95	-2.0	-1.9	8.393	+0.092	-0.092	+0.534	-0.534	17.201	+0.128	-0.128	+0.699	-0.699	23.402	+0.189	-0.189	+0.814	-0.814	28.279	+0.222	-0.222	+0.868	-0.868	34.96	+0.268	-0.268	+1.074	-1.074	42.702	+0.35	-0.35	+1.264	-1.264	51.791	+0.491	-0.491	+1.514	-1.514	67.468	+0.541	-0.541	+2.278	-2.278
	-1.85	-1.9	-1.8	8.369	+0.092	-0.092	+0.526	-0.526	17.145	+0.128	-0.128	+0.689	-0.689	23.421	+0.191	-0.191	+0.805	-0.805	28.202	+0.222	-0.222	+0.855	-0.855	34.907	+0.269	-0.269	+1.059	-1.059	42.483	+0.351	-0.351	+1.242	-1.242	51.615	+0.492	-0.492	+1.49	-1.49	68.18	+0.551	-0.551	+2.263	-2.263
	-1.75	-1.8	-1.7	8.427	+0.093	-0.093	+0.524	-0.524	17.247	+0.129	-0.129	+0.685	-0.685	23.486	+0.192	-0.192	+0.798	-0.798	28.417	+0.225	-0.225	+0.853	-0.853	34.906	+0.271	-0.271	+1.047	-1.047	42.374	+0.352	-0.352	+1.225	-1.225	51.208	+0.492	-0.492	+1.462	-1.462	67.46	+0.55	-0.55	+2.205	-2.205
	-1.65	-1.7	-1.6	8.457	+0.093	-0.093	+0.523	-0.523	17.206	+0.129	-0.129	+0.682	-0.682	23.282	+0.191	-0.191	+0.792	-0.792	28.249	+0.225	-0.225	+0.851	-0.851	34.655	+0.271	-0.271	+1.043	-1.043	42.367	+0.354	-0.354	+1.231	-1.231	51.266	+0.496	-0.496	+1.471	-1.471	66.687	+0.548	-0.548	+2.181	-2.181
	-1.55	-1.6	-1.5	8.419	+0.093	-0.093	+0.515	-0.515	17.137	+0.129	-0.129	+0.671	-0.671	23.243	+0.191	-0.191	+0.779	-0.779	28.176	+0.225	-0.225	+0.835	-0.835	34.772	+0.272	-0.272	+1.031	-1.031	42.012	+0.354	-0.354	+1.201	-1.201	50.95	+0.496	-0.496	+1.439	-1.439	66.25	+0.547	-0.547	+2.123	-2.123
	-1.45	-1.5	-1.4	8.418	+0.092	-0.092	+0.507	-0.507	17.124	+0.128	-0.128	+0.654	-0.654	23.181	+0.19	-0.19	+0.754	-0.754	27.971	+0.222	-0.222	+0.799	-0.799	34.46	+0.269	-0.269	+0.984	-0.984	41.704	+0.351	-0.351	+1.146	-1.146	50.268	+0.488	-0.488	+1.363	-1.363	65.985	+0.547	-0.547	+2.023	-2.023
	-1.35	-1.4	-1.3	8.405	+0.092	-0.092	+0.503	-0.503	17.004	+0.128	-0.128	+0.648	-0.648	23.13	+0.19	-0.19	+0.752	-0.752	27.74	+0.221	-0.221	+0.795	-0.795	34.229	+0.268	-0.268	+0.981	-0.981	41.355	+0.349	-0.349	+1.142	-1.142	50.148	+0.492	-0.492	+1.367	-1.367	64.829	+0.543	-0.543	+1.989	-1.989
	-1.25	-1.3	-1.2	8.358	+0.092	-0.092	+0.497	-0.497	16.955	+0.127	-0.127	+0.643	-0.643	22.967	+0.189	-0.189	+0.745	-0.745	27.593	+0.221	-0.221	+0.789	-0.789	33.913	+0.268	-0.268	+0.97	-0.97	41.222	+0.35	-0.35	+1.137	-1.137	49.398	+0.487	-0.487	+1.344	-1.344	63.821	+0.536	-0.536	+1.948	-1.948
	-1.15	-1.2	-1.1	8.338	+0.092	-0.092	+0.494	-0.494	16.803	+0.127	-0.127	+0.637	-0.637	22.773	+0.189	-0.189	+0.74	-0.74	27.499	+0.221	-0.221	+0.79	-0.79	33.617	+0.266	-0.266	+0.966	-0.966	40.643	+0.347	-0.347	+1.127	-1.127	49.149	+0.488	-0.488	+1.345	-1.345	63.543	+0.539	-0.539	+1.944	-1.944
	-1.05	-1.1	-1.0	8.325	+0.092	-0.092	+0.489	-0.489	16.755	+0.126	-0.126	+0.628	-0.628	22.577	+0.188	-0.188	+0.724	-0.724	27.122	+0.219	-0.219	+0.768	-0.768	33.44	+0.267	-0.267	+0.946	-0.946	40.183	+0.346	-0.346	+1.096	-1.096	48.526	+0.485	-0.485	+1.307	-1.307	61.893	+0.527	-0.527	+1.857	-1.857
	-0.95	-1.0	-0.9	8.227	+0.091	-0.091	+0.479	-0.479	16.621	+0.126	-0.126	+0.615	-0.615	22.376	+0.187	-0.187	+0.707	-0.707	26.896	+0.219	-0.219	+0.748	-0.748	32.895	+0.264	-0.264	+0.915	-0.915	39.826	+0.344	-0.344	+1.066	-1.066	47.852	+0.482	-0.482	+1.265	-1.265	61.441	+0.527	-0.527	+1.804	-1.804
	-0.8500000000000001	-0.9	-0.8	8.222	+0.091	-0.091	+0.477	-0.477	16.442	+0.125	-0.125	+0.61	-0.61	22.163	+0.186	-0.186	+0.703	-0.703	26.63	+0.217	-0.217	+0.746	-0.746	32.577	+0.262	-0.262	+0.912	-0.912	39.377	+0.342	-0.342	+1.063	-1.063	47.28	+0.477	-0.477	+1.26	-1.26	60.333	+0.519	-0.519	+1.781	-1.781
	-0.75	-0.8	-0.7	8.149	+0.09	-0.09	+0.471	-0.471	16.225	+0.123	-0.123	+0.599	-0.599	22.028	+0.185	-0.185	+0.696	-0.696	26.331	+0.216	-0.216	+0.736	-0.736	32.178	+0.26	-0.26	+0.899	-0.899	38.857	+0.339	-0.339	+1.047	-1.047	46.669	+0.473	-0.473	+1.241	-1.241	60.375	+0.524	-0.524	+1.774	-1.774
	-0.6499999999999999	-0.7	-0.6	8.1	+0.09	-0.09	+0.464	-0.464	16.126	+0.123	-0.123	+0.586	-0.586	21.662	+0.183	-0.183	+0.671	-0.671	25.999	+0.214	-0.214	+0.708	-0.708	31.758	+0.258	-0.258	+0.864	-0.864	38.231	+0.336	-0.336	+1.002	-1.002	46.079	+0.47	-0.47	+1.191	-1.191	59.273	+0.517	-0.517	+1.69	-1.69
	-0.55	-0.6	-0.5	8.047	+0.09	-0.09	+0.46	-0.46	16.006	+0.122	-0.122	+0.584	-0.584	21.489	+0.182	-0.182	+0.67	-0.67	25.816	+0.212	-0.212	+0.71	-0.71	31.519	+0.256	-0.256	+0.867	-0.867	37.665	+0.331	-0.331	+0.999	-0.999	44.869	+0.46	-0.46	+1.175	-1.175	58.196	+0.509	-0.509	+1.677	-1.677
	-0.45	-0.5	-0.4	7.997	+0.087	-0.087	+0.456	-0.456	15.871	+0.122	-0.122	+0.578	-0.578	21.249	+0.181	-0.181	+0.661	-0.661	25.482	+0.214	-0.214	+0.7	-0.7	31.055	+0.259	-0.259	+0.853	-0.853	37.451	+0.337	-0.337	+0.991	-0.991	44.685	+0.475	-0.475	+1.167	-1.167	56.825	+0.519	-0.519	+1.631	-1.631
	-0.35	-0.4	-0.3	7.94	+0.087	-0.087	+0.454	-0.454	15.702	+0.121	-0.121	+0.576	-0.576	21.136	+0.18	-0.18	+0.665	-0.665	25.15	+0.211	-0.211	+0.701	-0.701	30.732	+0.257	-0.257	+0.856	-0.856	36.836	+0.334	-0.334	+0.991	-0.991	44.065	+0.469	-0.469	+1.17	-1.17	56.576	+0.519	-0.519	+1.649	-1.649
	-0.25	-0.3	-0.2	7.958	+0.087	-0.087	+0.451	-0.451	15.588	+0.121	-0.121	+0.562	-0.562	20.873	+0.179	-0.179	+0.641	-0.641	25.009	+0.21	-0.21	+0.677	-0.677	30.311	+0.254	-0.254	+0.82	-0.82	36.321	+0.33	-0.33	+0.946	-0.946	43.376	+0.465	-0.465	+1.115	-1.115	55.315	+0.509	-0.509	+1.559	-1.559
	-0.15000000000000002	-0.2	-0.1	7.923	+0.088	-0.088	+0.448	-0.448	15.57	+0.12	-0.12	+0.559	-0.559	20.736	+0.178	-0.178	+0.635	-0.635	24.842	+0.21	-0.21	+0.669	-0.669	30.104	+0.254	-0.254	+0.81	-0.81	35.825	+0.326	-0.326	+0.928	-0.928	42.865	+0.46	-0.46	+1.096	-1.096	54.983	+0.508	-0.508	+1.54	-1.54
	-0.05	-0.1	0.0	7.888	+0.087	-0.087	+0.446	-0.446	15.453	+0.12	-0.12	+0.555	-0.555	20.639	+0.177	-0.177	+0.632	-0.632	24.636	+0.209	-0.209	+0.664	-0.664	29.696	+0.25	-0.25	+0.8	-0.8	35.432	+0.323	-0.323	+0.919	-0.919	42.451	+0.456	-0.456	+1.087	-1.087	53.874	+0.502	-0.502	+1.51	-1.51
	0.05	0.0	0.1	7.863	+0.087	-0.087	+0.443	-0.443	15.437	+0.12	-0.12	+0.55	-0.55	20.445	+0.176	-0.176	+0.619	-0.619	24.412	+0.207	-0.207	+0.648	-0.648	29.78	+0.251	-0.251	+0.79	-0.79	35.497	+0.324	-0.324	+0.905	-0.905	42.105	+0.454	-0.454	+1.059	-1.059	53.162	+0.499	-0.499	+1.465	-1.465
	0.15000000000000002	0.1	0.2	7.917	+0.088	-0.088	+0.448	-0.448	15.388	+0.12	-0.12	+0.555	-0.555	20.59	+0.178	-0.178	+0.633	-0.633	24.464	+0.207	-0.207	+0.663	-0.663	29.557	+0.249	-0.249	+0.801	-0.801	35.189	+0.321	-0.321	+0.918	-0.918	41.69	+0.449	-0.449	+1.074	-1.074	52.759	+0.494	-0.494	+1.489	-1.489
	0.25	0.2	0.3	7.985	+0.088	-0.088	+0.453	-0.453	15.476	+0.12	-0.12	+0.56	-0.56	20.531	+0.177	-0.177	+0.635	-0.635	24.3	+0.206	-0.206	+0.662	-0.662	29.506	+0.249	-0.249	+0.804	-0.804	35.197	+0.322	-0.322	+0.925	-0.925	41.58	+0.449	-0.449	+1.078	-1.078	52.593	+0.489	-0.489	+1.495	-1.495
	0.35	0.3	0.4	8.03	+0.089	-0.089	+0.459	-0.459	15.559	+0.121	-0.121	+0.572	-0.572	20.589	+0.178	-0.178	+0.65	-0.65	24.395	+0.207	-0.207	+0.683	-0.683	29.49	+0.249	-0.249	+0.826	-0.826	35.132	+0.322	-0.322	+0.95	-0.95	41.586	+0.448	-0.448	+1.111	-1.111	52.464	+0.491	-0.491	+1.537	-1.537
	0.45	0.4	0.5	8.083	+0.089	-0.089	+0.464	-0.464	15.616	+0.121	-0.121	+0.577	-0.577	20.696	+0.179	-0.179	+0.657	-0.657	24.482	+0.207	-0.207	+0.69	-0.69	29.426	+0.248	-0.248	+0.829	-0.829	34.876	+0.319	-0.319	+0.949	-0.949	41.319	+0.446	-0.446	+1.11	-1.11	52.264	+0.487	-0.487	+1.543	-1.543
	0.55	0.5	0.6	8.201	+0.089	-0.089	+0.472	-0.472	15.677	+0.122	-0.122	+0.579	-0.579	20.775	+0.181	-0.181	+0.659	-0.659	24.562	+0.211	-0.211	+0.69	-0.69	29.457	+0.254	-0.254	+0.828	-0.828	34.929	+0.329	-0.329	+0.948	-0.948	41.132	+0.459	-0.459	+1.102	-1.102	51.772	+0.504	-0.504	+1.527	-1.527
	0.6499999999999999	0.6	0.7	8.254	+0.089	-0.089	+0.476	-0.476	15.821	+0.123	-0.123	+0.586	-0.586	20.702	+0.18	-0.18	+0.658	-0.658	24.535	+0.211	-0.211	+0.691	-0.691	29.543	+0.254	-0.254	+0.832	-0.832	34.937	+0.329	-0.329	+0.95	-0.95	40.999	+0.459	-0.459	+1.101	-1.101	51.557	+0.5	-0.5	+1.526	-1.526
	0.75	0.7	0.8	8.289	+0.089	-0.089	+0.481	-0.481	15.864	+0.123	-0.123	+0.592	-0.592	20.895	+0.181	-0.181	+0.669	-0.669	24.643	+0.211	-0.211	+0.7	-0.7	29.466	+0.254	-0.254	+0.837	-0.837	34.655	+0.327	-0.327	+0.95	-0.95	40.882	+0.456	-0.456	+1.107	-1.107	51.19	+0.498	-0.498	+1.532	-1.532
	0.8500000000000001	0.8	0.9	8.38	+0.09	-0.09	+0.49	-0.49	15.982	+0.124	-0.124	+0.604	-0.604	20.839	+0.181	-0.181	+0.678	-0.678	24.734	+0.212	-0.212	+0.715	-0.715	29.451	+0.254	-0.254	+0.852	-0.852	34.811	+0.328	-0.328	+0.973	-0.973	40.719	+0.457	-0.457	+1.125	-1.125	51.073	+0.497	-0.497	+1.562	-1.562
	0.95	0.9	1.0	8.459	+0.09	-0.09	+0.498	-0.498	16.02	+0.123	-0.123	+0.609	-0.609	20.98	+0.181	-0.181	+0.687	-0.687	24.649	+0.211	-0.211	+0.718	-0.718	29.483	+0.254	-0.254	+0.859	-0.859	34.619	+0.326	-0.326	+0.974	-0.974	40.677	+0.456	-0.456	+1.131	-1.131	50.812	+0.494	-0.494	+1.57	-1.57
	1.05	1.0	1.1	8.492	+0.09	-0.09	+0.503	-0.503	16.071	+0.123	-0.123	+0.617	-0.617	21.037	+0.181	-0.181	+0.696	-0.696	24.714	+0.212	-0.212	+0.728	-0.728	29.489	+0.253	-0.253	+0.869	-0.869	34.651	+0.327	-0.327	+0.987	-0.987	40.524	+0.454	-0.454	+1.141	-1.141	50.392	+0.491	-0.491	+1.581	-1.581
	1.15	1.1	1.2	8.563	+0.09	-0.09	+0.509	-0.509	16.117	+0.123	-0.123	+0.618	-0.618	21.019	+0.181	-0.181	+0.693	-0.693	24.744	+0.211	-0.211	+0.725	-0.725	29.367	+0.253	-0.253	+0.86	-0.86	34.42	+0.324	-0.324	+0.974	-0.974	40.377	+0.454	-0.454	+1.129	-1.129	49.859	+0.486	-0.486	+1.558	-1.558
	1.25	1.2	1.3	8.656	+0.091	-0.091	+0.521	-0.521	16.147	+0.123	-0.123	+0.631	-0.631	20.968	+0.179	-0.179	+0.708	-0.708	24.51	+0.209	-0.209	+0.738	-0.738	29.288	+0.252	-0.252	+0.881	-0.881	34.256	+0.321	-0.321	+0.997	-0.997	39.985	+0.448	-0.448	+1.15	-1.15	49.602	+0.484	-0.484	+1.601	-1.601
	1.35	1.3	1.4	8.658	+0.09	-0.09	+0.523	-0.523	16.184	+0.123	-0.123	+0.63	-0.63	20.969	+0.18	-0.18	+0.701	-0.701	24.542	+0.209	-0.209	+0.729	-0.729	29.059	+0.249	-0.249	+0.863	-0.863	33.985	+0.32	-0.32	+0.975	-0.975	39.772	+0.447	-0.447	+1.127	-1.127	48.872	+0.476	-0.476	+1.559	-1.559
	1.45	1.4	1.5	8.668	+0.09	-0.09	+0.529	-0.529	16.151	+0.123	-0.123	+0.638	-0.638	20.938	+0.18	-0.18	+0.714	-0.714	24.419	+0.208	-0.208	+0.741	-0.741	28.817	+0.248	-0.248	+0.874	-0.874	33.673	+0.318	-0.318	+0.988	-0.988	39.213	+0.442	-0.442	+1.137	-1.137	48.289	+0.472	-0.472	+1.582	-1.582
	1.55	1.5	1.6	8.706	+0.092	-0.092	+0.535	-0.535	16.141	+0.125	-0.125	+0.641	-0.641	20.859	+0.183	-0.183	+0.713	-0.713	24.145	+0.212	-0.212	+0.734	-0.734	28.668	+0.255	-0.255	+0.871	-0.871	33.242	+0.326	-0.326	+0.976	-0.976	38.63	+0.451	-0.451	+1.121	-1.121	47.612	+0.489	-0.489	+1.567	-1.567
	1.65	1.6	1.7	8.747	+0.093	-0.093	+0.544	-0.544	16.135	+0.125	-0.125	+0.648	-0.648	20.806	+0.183	-0.183	+0.72	-0.72	24.082	+0.211	-0.211	+0.742	-0.742	28.339	+0.252	-0.252	+0.873	-0.873	33.024	+0.325	-0.325	+0.983	-0.983	38.231	+0.448	-0.448	+1.125	-1.125	46.932	+0.483	-0.483	+1.573	-1.573
	1.75	1.7	1.8	8.73	+0.093	-0.093	+0.548	-0.548	16.057	+0.125	-0.125	+0.652	-0.652	20.499	+0.18	-0.18	+0.717	-0.717	23.694	+0.208	-0.208	+0.738	-0.738	27.996	+0.25	-0.25	+0.872	-0.872	32.426	+0.32	-0.32	+0.976	-0.976	37.687	+0.444	-0.444	+1.121	-1.121	46.074	+0.479	-0.479	+1.568	-1.568
	1.85	1.8	1.9	8.717	+0.092	-0.092	+0.556	-0.556	15.93	+0.124	-0.124	+0.663	-0.663	20.437	+0.181	-0.181	+0.736	-0.736	23.6	+0.208	-0.208	+0.76	-0.76	27.572	+0.247	-0.247	+0.888	-0.888	31.986	+0.315	-0.315	+0.997	-0.997	37.029	+0.438	-0.438	+1.142	-1.142	45.194	+0.471	-0.471	+1.602	-1.602
	1.95	1.9	2.0	8.702	+0.093	-0.093	+0.564	-0.564	15.847	+0.124	-0.124	+0.674	-0.674	20.176	+0.18	-0.18	+0.745	-0.745	23.199	+0.206	-0.206	+0.769	-0.769	27.271	+0.246	-0.246	+0.904	-0.904	31.598	+0.314	-0.314	+1.015	-1.015	36.328	+0.433	-0.433	+1.154	-1.154	43.937	+0.462	-0.462	+1.613	-1.613
	2.05	2.0	2.1	8.702	+0.093	-0.093	+0.578	-0.578	15.749	+0.124	-0.124	+0.699	-0.699	20.015	+0.179	-0.179	+0.78	-0.78	22.971	+0.205	-0.205	+0.811	-0.811	26.86	+0.244	-0.244	+0.949	-0.949	31.154	+0.313	-0.313	+1.07	-1.07	35.452	+0.423	-0.423	+1.206	-1.206	42.904	+0.452	-0.452	+1.694	-1.694
	2.1500000000000004	2.1	2.2	8.604	+0.093	-0.093	+0.578	-0.578	15.684	+0.125	-0.125	+0.704	-0.704	19.817	+0.179	-0.179	+0.78	-0.78	22.66	+0.204	-0.204	+0.808	-0.808	26.451	+0.242	-0.242	+0.944	-0.944	30.609	+0.311	-0.311	+1.062	-1.062	34.818	+0.421	-0.421	+1.196	-1.196	42.284	+0.452	-0.452	+1.694	-1.694
	2.25	2.2	2.3	8.7	+0.09	-0.09	+0.614	-0.614	15.634	+0.12	-0.12	+0.769	-0.769	19.652	+0.171	-0.171	+0.867	-0.867	22.33	+0.194	-0.194	+0.91	-0.91	26.044	+0.23	-0.23	+1.061	-1.061	29.963	+0.293	-0.293	+1.194	-1.194	34.233	+0.401	-0.401	+1.354	-1.354	41.173	+0.427	-0.427	+1.909	-1.909
	2.3499999999999996	2.3	2.4	8.693	+0.089	-0.089	+0.614	-0.614	15.448	+0.116	-0.116	+0.749	-0.749	19.376	+0.166	-0.166	+0.837	-0.837	22.056	+0.188	-0.188	+0.875	-0.875	25.823	+0.223	-0.223	+1.025	-1.025	29.208	+0.281	-0.281	+1.132	-1.132	33.524	+0.386	-0.386	+1.288	-1.288	40.237	+0.419	-0.419	+1.822	-1.822
	2.45	2.4	2.5	8.544	+0.093	-0.093	+0.614	-0.614	15.356	+0.123	-0.123	+0.762	-0.762	19.261	+0.174	-0.174	+0.853	-0.853	21.842	+0.198	-0.198	+0.891	-0.891	25.181	+0.232	-0.232	+1.027	-1.027	29.015	+0.298	-0.298	+1.156	-1.156	32.598	+0.405	-0.405	+1.289	-1.289	39.347	+0.442	-0.442	+1.842	-1.842
	2.55	2.5	2.6	8.546	+0.094	-0.094	+0.619	-0.619	15.1	+0.122	-0.122	+0.751	-0.751	18.954	+0.174	-0.174	+0.84	-0.84	21.473	+0.197	-0.197	+0.873	-0.873	24.803	+0.233	-0.233	+1.009	-1.009	28.366	+0.296	-0.296	+1.127	-1.127	31.902	+0.403	-0.403	+1.257	-1.257	37.992	+0.437	-0.437	+1.782	-1.782
	2.6500000000000004	2.6	2.7	8.42	+0.162	-0.162	+0.634	-0.634	14.731	+0.21	-0.21	+0.783	-0.783	18.718	+0.3	-0.3	+0.897	-0.897	21.249	+0.343	-0.343	+0.946	-0.946	24.39	+0.401	-0.401	+1.085	-1.085	27.603	+0.511	-0.511	+1.204	-1.204	30.884	+0.691	-0.691	+1.337	-1.337	36.991	+0.813	-0.813	+1.917	-1.917


